836397506.533098 -34311434886.921290 24784196193.188693 -1949660774.634312 -1040203200.909250 14209106826.381608 -492221677.540828 4762647947.797878 -11013502226.776604 7087245439.176632 
178905825.839368 -7339120395.757675 5301277617.171313 -417030859.134828 -222507681.855701 3039306306.611677 -105282833.469721 1018710283.213681 -2355759885.926691 1515934252.884051 
800824496.829428 -32852707133.138077 23730532573.283813 -1866781339.196458 -996005199.016193 13605057308.956689 -471274428.704522 4560161621.352149 -10545271125.941763 6785915080.635640 
1111493814.442404 -45597296581.630215 32936364617.688161 -2590967808.843132 -1382397542.680445 18882879023.855177 -654100835.810115 6329179924.564775 -14636107798.735599 9418395937.484437 
708160367.125983 -29051344636.865448 20984674773.268251 -1650772629.260192 -880744631.162260 12030802612.633289 -416745366.071552 4032524125.079180 -9325088824.601269 6000730194.561602 
897540105.275054 -36819825745.967790 26596073179.443179 -2092187698.867778 -1116233609.517440 15247864951.784532 -528209499.269346 5110832997.598508 -11818655255.359924 7605378725.524620 
356228918.551234 -14613495238.369877 10555770805.971557 -830374931.761522 -443031317.425743 6051775648.000197 -209640212.592930 2028442824.928483 -4690732093.849413 3018502555.858282 
568870000.678344 -23336167751.565361 16856430090.861919 -1326019533.670196 -707471084.360231 9664017266.405841 -334785586.972034 3239197050.286971 -7490589978.225879 4820233267.478574 
823254455.791051 -33772119380.564459 24394631609.955855 -1919013155.993658 -1023848627.783267 13985746678.233952 -484491284.465326 4687785901.806913 -10840386552.151194 6975860327.945262 
432879056.730405 -17758376379.861091 12827432233.051883 -1009081540.648440 -538395326.680861 7354139279.357784 -254740107.741107 2464979058.016247 -5700199964.489366 3668106488.348987 
