-0.000833
0.019646
0.003856
-0.004000
-0.013765
0.003268
0.002727
-0.012970
0.008457
-0.003153
0.005986
-0.009770
0.011916
-0.003854
-0.003826
-0.005068
-0.003482
0.010363
-0.012262
0.008373
0.009672
-0.040211
0.016936
0.005448
0.020866
-0.008030
-0.017146
0.001508
-0.005443
0.020152
-0.001505
0.005500
-0.006393
0.000337
0.005344
0.008656
0.000509
-0.000064
0.002141
-0.013386
-0.011306
0.018013
-0.013660
0.002097
0.002513
-0.009893
0.008260
0.002618
0.009457
-0.004014
0.000435
-0.017845
0.012890
-0.001014
-0.000541
0.007390
-0.000256
0.002477
-0.005728
0.003686
0.004894
0.000811
0.000982
0.004486
-0.006745
0.005514
0.006207
-0.008085
0.002742
-0.008827
0.015980
-0.019270
0.012931
-0.004657
-0.002637
-0.004856
-0.010298
0.000398
0.006016
0.005902
-0.006772
0.035407
-0.016672
-0.011186
-0.006243
0.000671
0.015566
-0.002389
0.000897
-0.007906
-0.008950
0.008102
-0.013476
0.011168
0.000756
0.000390
-0.001033
0.004654
-0.000134
0.002331
