24 65 71 72 19 19 91 72 93 79 
72 77 63 85 39 21 34 19 54 62 
83 88 58 86 73 54 38 2 16 22 
45 67 53 54 47 19 85 7 15 78 
39 43 84 90 48 36 35 11 63 33 
40 11 46 73 1 98 22 54 78 94 
2 29 54 15 64 88 91 30 83 39 
27 79 32 92 69 81 24 71 53 86 
39 0 33 52 68 82 17 81 44 62 
36 9 62 4 13 75 22 52 90 93 
43 93 36 98 79 71 41 16 73 95 
35 92 66 6 40 3 70 25 60 52 
88 4 30 54 27 61 37 66 70 62 
70 53 72 53 30 64 47 52 28 83 
46 1 40 79 10 7 30 13 84 88 
3 60 8 8 72 30 55 49 83 42 
23 73 15 18 85 55 12 83 27 80 
23 64 78 44 62 20 19 0 54 73 
47 73 6 92 68 28 72 26 5 64 
68 73 42 44 30 4 22 5 81 88 
72 15 97 12 3 9 20 75 33 16 
10 31 28 95 21 71 97 87 68 59 
57 96 85 66 62 97 77 69 78 83 
27 56 18 73 42 90 8 42 49 5 
63 75 28 68 9 94 55 2 82 43 
73 51 72 75 52 34 31 28 36 61 
45 42 37 34 5 16 70 52 43 48 
8 61 54 19 56 72 57 59 84 78 
97 34 93 27 7 38 37 77 25 59 
24 77 54 12 70 37 4 5 36 85 
6 58 74 51 95 43 5 80 23 54 
10 86 47 15 90 98 73 51 17 71 
64 10 10 34 59 34 57 62 61 72 
50 91 64 65 32 98 14 64 10 33 
26 83 49 60 38 14 6 50 65 61 
68 82 72 21 46 10 85 4 45 62 
20 25 11 41 47 84 54 60 46 66 
62 33 13 32 75 60 84 84 67 0 
39 66 44 77 15 81 28 64 60 89 
45 22 52 55 4 22 7 49 81 56 
36 58 46 26 88 29 10 3 54 2 
51 0 9 52 52 20 52 67 24 63 
41 15 10 16 16 22 17 93 60 65 
13 59 21 51 35 0 43 47 85 11 
72 83 98 42 58 48 24 78 55 65 
50 10 29 37 44 57 77 68 95 54 
55 74 38 43 68 25 15 59 76 91 
25 24 74 73 77 71 43 76 7 7 
9 37 97 30 75 84 87 18 89 89 
2 76 55 27 57 61 20 18 69 98 
21 38 53 68 67 39 95 83 18 37 
84 34 7 57 36 48 46 38 27 96 
12 39 60 17 61 35 28 17 23 68 
80 39 58 79 86 28 47 81 83 18 
65 72 80 2 17 18 9 98 42 46 
47 29 37 91 16 91 54 74 44 43 
12 9 76 16 32 16 58 58 87 20 
26 36 2 54 30 96 13 45 55 76 
90 19 27 86 71 11 92 67 44 73 
59 69 63 94 21 64 91 24 53 19 
29 70 66 41 81 43 97 11 1 63 
48 29 62 81 48 55 95 74 23 56 
83 80 18 68 66 19 7 36 11 7 
19 61 97 49 64 22 22 60 3 95 
7 17 83 8 25 70 45 36 50 60 
92 84 69 74 27 53 41 62 22 26 
43 26 2 1 13 84 8 95 93 76 
78 78 26 44 89 3 75 6 65 34 
34 18 57 80 82 30 5 77 78 88 
57 11 56 7 6 16 94 26 28 19 
90 66 50 48 75 95 36 3 22 97 
13 47 31 37 41 84 62 21 71 27 
51 80 74 6 70 42 24 33 9 38 
18 65 19 91 83 81 79 3 31 33 
85 93 98 69 74 72 4 59 47 93 
7 66 48 0 60 8 58 15 65 9 
47 41 79 56 0 1 80 59 26 54 
72 20 35 10 6 29 55 42 84 42 
12 58 23 15 74 42 5 82 68 74 
18 58 25 0 91 0 8 46 13 83 
27 35 51 43 97 26 58 96 29 94 
9 76 13 80 73 49 6 79 97 14 
88 49 8 1 34 54 31 97 78 89 
41 2 37 85 96 87 87 36 85 47 
62 63 67 5 59 64 43 98 46 79 
2 12 87 95 8 63 16 62 96 98 
93 91 10 93 90 89 75 51 60 67 
89 23 93 40 19 23 25 82 47 68 
45 51 98 77 60 15 49 47 31 44 
69 34 35 72 58 59 14 80 48 98 
59 48 71 60 52 47 56 83 3 6 
78 35 57 42 66 6 82 42 84 51 
19 47 2 64 40 49 92 95 94 60 
38 30 89 28 42 68 54 71 44 19 
65 37 63 19 30 73 61 78 91 29 
20 67 86 31 38 95 39 76 40 93 
18 87 4 91 1 83 74 76 20 7 
24 91 43 31 71 80 70 51 56 19 
70 20 26 74 8 74 9 74 63 95 
81 75 57 50 7 37 48 96 83 14 
