-40.000000 -129.000000 -139.000000 -137.000000 -30.000000 -35.000000 -179.000000 -137.000000 -178.000000 -150.000000 44108.000000 
-136.000000 -153.000000 -123.000000 -163.000000 -70.000000 -39.000000 -65.000000 -31.000000 -100.000000 -116.000000 32551.000000 
-158.000000 -175.000000 -113.000000 -165.000000 -138.000000 -105.000000 -73.000000 3.000000 -24.000000 -36.000000 35831.000000 
-82.000000 -133.000000 -103.000000 -101.000000 -86.000000 -35.000000 -167.000000 -7.000000 -22.000000 -148.000000 28397.000000 
-70.000000 -85.000000 -165.000000 -173.000000 -88.000000 -69.000000 -67.000000 -15.000000 -118.000000 -58.000000 28535.000000 
-72.000000 -21.000000 -89.000000 -139.000000 6.000000 -193.000000 -41.000000 -101.000000 -148.000000 -180.000000 37096.000000 
4.000000 -57.000000 -105.000000 -23.000000 -120.000000 -173.000000 -179.000000 -53.000000 -158.000000 -70.000000 33422.000000 
-46.000000 -157.000000 -61.000000 -177.000000 -130.000000 -159.000000 -45.000000 -135.000000 -98.000000 -164.000000 43607.000000 
-70.000000 1.000000 -63.000000 -97.000000 -128.000000 -161.000000 -31.000000 -155.000000 -80.000000 -116.000000 29297.000000 
-64.000000 -17.000000 -121.000000 -1.000000 -18.000000 -147.000000 -41.000000 -97.000000 -172.000000 -178.000000 30973.000000 
-78.000000 -185.000000 -69.000000 -189.000000 -150.000000 -139.000000 -79.000000 -25.000000 -138.000000 -182.000000 48976.000000 
-62.000000 -183.000000 -129.000000 -5.000000 -72.000000 -3.000000 -137.000000 -43.000000 -112.000000 -96.000000 27524.000000 
-168.000000 -7.000000 -57.000000 -101.000000 -46.000000 -119.000000 -71.000000 -125.000000 -132.000000 -116.000000 30500.000000 
-132.000000 -105.000000 -141.000000 -99.000000 -52.000000 -125.000000 -91.000000 -97.000000 -48.000000 -158.000000 33289.000000 
-84.000000 -1.000000 -77.000000 -151.000000 -12.000000 -11.000000 -57.000000 -19.000000 -160.000000 -168.000000 25981.000000 
2.000000 -119.000000 -13.000000 -9.000000 -136.000000 -57.000000 -107.000000 -91.000000 -158.000000 -76.000000 23905.000000 
-38.000000 -145.000000 -27.000000 -29.000000 -162.000000 -107.000000 -21.000000 -159.000000 -46.000000 -152.000000 30824.000000 
-38.000000 -127.000000 -153.000000 -81.000000 -116.000000 -37.000000 -35.000000 7.000000 -100.000000 -138.000000 25500.000000 
-86.000000 -145.000000 -9.000000 -177.000000 -128.000000 -53.000000 -141.000000 -45.000000 -2.000000 -120.000000 31432.000000 
-128.000000 -145.000000 -81.000000 -81.000000 -52.000000 -5.000000 -41.000000 -3.000000 -154.000000 -168.000000 29388.000000 
-136.000000 -29.000000 -191.000000 -17.000000 2.000000 -15.000000 -37.000000 -143.000000 -58.000000 -24.000000 22427.000000 
-12.000000 -61.000000 -53.000000 -183.000000 -34.000000 -139.000000 -191.000000 -167.000000 -128.000000 -110.000000 41440.000000 
-106.000000 -191.000000 -167.000000 -125.000000 -116.000000 -191.000000 -151.000000 -131.000000 -148.000000 -158.000000 60967.000000 
-46.000000 -111.000000 -33.000000 -139.000000 -76.000000 -177.000000 -13.000000 -77.000000 -90.000000 -2.000000 23641.000000 
-118.000000 -149.000000 -53.000000 -129.000000 -10.000000 -185.000000 -107.000000 3.000000 -156.000000 -78.000000 35526.000000 
-138.000000 -101.000000 -141.000000 -143.000000 -96.000000 -65.000000 -59.000000 -49.000000 -64.000000 -114.000000 29366.000000 
-82.000000 -83.000000 -71.000000 -61.000000 -2.000000 -29.000000 -137.000000 -97.000000 -78.000000 -88.000000 18357.000000 
-8.000000 -121.000000 -105.000000 -31.000000 -104.000000 -141.000000 -111.000000 -111.000000 -160.000000 -148.000000 35257.000000 
-186.000000 -67.000000 -183.000000 -47.000000 -6.000000 -73.000000 -71.000000 -147.000000 -42.000000 -110.000000 32845.000000 
-40.000000 -153.000000 -105.000000 -17.000000 -132.000000 -71.000000 -5.000000 -3.000000 -64.000000 -162.000000 24401.000000 
-4.000000 -115.000000 -145.000000 -95.000000 -182.000000 -83.000000 -7.000000 -153.000000 -38.000000 -100.000000 32226.000000 
-12.000000 -171.000000 -91.000000 -23.000000 -172.000000 -193.000000 -143.000000 -95.000000 -26.000000 -134.000000 40899.000000 
-120.000000 -19.000000 -17.000000 -61.000000 -110.000000 -65.000000 -111.000000 -117.000000 -114.000000 -136.000000 26092.000000 
-92.000000 -181.000000 -125.000000 -123.000000 -56.000000 -193.000000 -25.000000 -121.000000 -12.000000 -58.000000 35216.000000 
-44.000000 -165.000000 -95.000000 -113.000000 -68.000000 -25.000000 -9.000000 -93.000000 -122.000000 -114.000000 25693.000000 
-128.000000 -163.000000 -141.000000 -35.000000 -84.000000 -17.000000 -167.000000 -1.000000 -82.000000 -116.000000 32304.000000 
-32.000000 -49.000000 -19.000000 -75.000000 -86.000000 -165.000000 -105.000000 -113.000000 -84.000000 -124.000000 25085.000000 
-116.000000 -65.000000 -23.000000 -57.000000 -142.000000 -117.000000 -165.000000 -161.000000 -126.000000 8.000000 33957.000000 
-70.000000 -131.000000 -85.000000 -147.000000 -22.000000 -159.000000 -53.000000 -121.000000 -112.000000 -170.000000 36934.000000 
-82.000000 -43.000000 -101.000000 -103.000000 0.000000 -41.000000 -11.000000 -91.000000 -154.000000 -104.000000 20890.000000 
-64.000000 -115.000000 -89.000000 -45.000000 -168.000000 -55.000000 -17.000000 1.000000 -100.000000 4.000000 19071.000000 
-94.000000 1.000000 -15.000000 -97.000000 -96.000000 -37.000000 -101.000000 -127.000000 -40.000000 -118.000000 20233.000000 
-74.000000 -29.000000 -17.000000 -25.000000 -24.000000 -41.000000 -31.000000 -179.000000 -112.000000 -122.000000 19770.000000 
-18.000000 -117.000000 -39.000000 -95.000000 -62.000000 3.000000 -83.000000 -87.000000 -162.000000 -14.000000 19326.000000 
-136.000000 -165.000000 -193.000000 -77.000000 -108.000000 -93.000000 -45.000000 -149.000000 -102.000000 -122.000000 43024.000000 
-92.000000 -19.000000 -55.000000 -67.000000 -80.000000 -111.000000 -151.000000 -129.000000 -182.000000 -100.000000 32494.000000 
-102.000000 -147.000000 -73.000000 -79.000000 -128.000000 -47.000000 -27.000000 -111.000000 -144.000000 -174.000000 34811.000000 
-42.000000 -47.000000 -145.000000 -139.000000 -146.000000 -139.000000 -83.000000 -145.000000 -6.000000 -6.000000 30704.000000 
-10.000000 -73.000000 -191.000000 -53.000000 -142.000000 -165.000000 -171.000000 -29.000000 -170.000000 -170.000000 48180.000000 
4.000000 -151.000000 -107.000000 -47.000000 -106.000000 -119.000000 -37.000000 -29.000000 -130.000000 -188.000000 31598.000000 
-34.000000 -75.000000 -103.000000 -129.000000 -126.000000 -75.000000 -187.000000 -159.000000 -28.000000 -66.000000 32940.000000 
-160.000000 -67.000000 -11.000000 -107.000000 -64.000000 -93.000000 -89.000000 -69.000000 -46.000000 -184.000000 28620.000000 
-16.000000 -77.000000 -117.000000 -27.000000 -114.000000 -67.000000 -53.000000 -27.000000 -38.000000 -128.000000 16731.000000 
-152.000000 -77.000000 -113.000000 -151.000000 -164.000000 -53.000000 -91.000000 -155.000000 -158.000000 -28.000000 41694.000000 
-122.000000 -143.000000 -157.000000 3.000000 -26.000000 -33.000000 -15.000000 -189.000000 -76.000000 -84.000000 29996.000000 
-86.000000 -57.000000 -71.000000 -175.000000 -24.000000 -179.000000 -105.000000 -141.000000 -80.000000 -78.000000 33419.000000 
-16.000000 -17.000000 -149.000000 -25.000000 -56.000000 -29.000000 -113.000000 -109.000000 -166.000000 -32.000000 22239.000000 
-44.000000 -71.000000 -1.000000 -101.000000 -52.000000 -189.000000 -23.000000 -83.000000 -102.000000 -144.000000 26008.000000 
-172.000000 -37.000000 -51.000000 -165.000000 -134.000000 -19.000000 -181.000000 -127.000000 -80.000000 -138.000000 41971.000000 
-110.000000 -137.000000 -123.000000 -181.000000 -34.000000 -125.000000 -179.000000 -41.000000 -98.000000 -30.000000 37616.000000 
-50.000000 -139.000000 -129.000000 -75.000000 -154.000000 -83.000000 -191.000000 -15.000000 6.000000 -118.000000 33693.000000 
-88.000000 -57.000000 -121.000000 -155.000000 -88.000000 -107.000000 -187.000000 -141.000000 -38.000000 -104.000000 37050.000000 
-158.000000 -159.000000 -33.000000 -129.000000 -124.000000 -35.000000 -11.000000 -65.000000 -14.000000 -6.000000 24474.000000 
-30.000000 -121.000000 -191.000000 -91.000000 -120.000000 -41.000000 -41.000000 -113.000000 2.000000 -182.000000 33595.000000 
-6.000000 -33.000000 -163.000000 -9.000000 -42.000000 -137.000000 -87.000000 -65.000000 -92.000000 -112.000000 22242.000000 
-176.000000 -167.000000 -135.000000 -141.000000 -46.000000 -103.000000 -79.000000 -117.000000 -36.000000 -44.000000 35985.000000 
-78.000000 -51.000000 -1.000000 5.000000 -18.000000 -165.000000 -13.000000 -183.000000 -178.000000 -144.000000 33274.000000 
-148.000000 -155.000000 -49.000000 -81.000000 -170.000000 -3.000000 -147.000000 -5.000000 -122.000000 -60.000000 33757.000000 
-60.000000 -35.000000 -111.000000 -153.000000 -156.000000 -57.000000 -7.000000 -147.000000 -148.000000 -168.000000 38540.000000 
-106.000000 -21.000000 -109.000000 -7.000000 -4.000000 -29.000000 -185.000000 -45.000000 -48.000000 -30.000000 17509.000000 
-172.000000 -131.000000 -97.000000 -89.000000 -142.000000 -187.000000 -69.000000 1.000000 -36.000000 -186.000000 43113.000000 
-18.000000 -93.000000 -59.000000 -67.000000 -74.000000 -165.000000 -121.000000 -35.000000 -134.000000 -46.000000 23505.000000 
-94.000000 -159.000000 -145.000000 -5.000000 -132.000000 -81.000000 -45.000000 -59.000000 -10.000000 -68.000000 24372.000000 
-28.000000 -129.000000 -35.000000 -175.000000 -158.000000 -159.000000 -155.000000 1.000000 -54.000000 -58.000000 34946.000000 
-162.000000 -185.000000 -193.000000 -131.000000 -140.000000 -141.000000 -5.000000 -111.000000 -86.000000 -178.000000 55259.000000 
-6.000000 -131.000000 -93.000000 7.000000 -112.000000 -13.000000 -113.000000 -23.000000 -122.000000 -10.000000 18273.000000 
-86.000000 -81.000000 -155.000000 -105.000000 8.000000 1.000000 -157.000000 -111.000000 -44.000000 -100.000000 26746.000000 
-136.000000 -39.000000 -67.000000 -13.000000 -4.000000 -55.000000 -107.000000 -77.000000 -160.000000 -76.000000 21400.000000 
-16.000000 -115.000000 -43.000000 -23.000000 -140.000000 -81.000000 -7.000000 -157.000000 -128.000000 -140.000000 28356.000000 
-28.000000 -115.000000 -47.000000 7.000000 -174.000000 3.000000 -13.000000 -85.000000 -18.000000 -158.000000 21837.000000 
-46.000000 -69.000000 -99.000000 -79.000000 -186.000000 -49.000000 -113.000000 -185.000000 -50.000000 -180.000000 38751.000000 
-10.000000 -151.000000 -23.000000 -153.000000 -138.000000 -95.000000 -9.000000 -151.000000 -186.000000 -20.000000 36043.000000 
-168.000000 -97.000000 -13.000000 5.000000 -60.000000 -105.000000 -59.000000 -187.000000 -148.000000 -170.000000 38662.000000 
-74.000000 -3.000000 -71.000000 -163.000000 -184.000000 -171.000000 -171.000000 -65.000000 -162.000000 -86.000000 45368.000000 
-116.000000 -125.000000 -131.000000 -3.000000 -110.000000 -125.000000 -83.000000 -189.000000 -84.000000 -150.000000 39719.000000 
4.000000 -23.000000 -171.000000 -183.000000 -8.000000 -123.000000 -29.000000 -117.000000 -184.000000 -188.000000 43700.000000 
-178.000000 -181.000000 -17.000000 -179.000000 -172.000000 -175.000000 -147.000000 -95.000000 -112.000000 -126.000000 58020.000000 
-170.000000 -45.000000 -183.000000 -73.000000 -30.000000 -43.000000 -47.000000 -157.000000 -86.000000 -128.000000 33776.000000 
-82.000000 -101.000000 -193.000000 -147.000000 -112.000000 -27.000000 -95.000000 -87.000000 -54.000000 -80.000000 31496.000000 
-130.000000 -67.000000 -67.000000 -137.000000 -108.000000 -115.000000 -25.000000 -153.000000 -88.000000 -188.000000 37680.000000 
-110.000000 -95.000000 -139.000000 -113.000000 -96.000000 -91.000000 -109.000000 -159.000000 2.000000 -4.000000 29414.000000 
-148.000000 -69.000000 -111.000000 -77.000000 -124.000000 -9.000000 -161.000000 -77.000000 -160.000000 -94.000000 34864.000000 
-30.000000 -93.000000 -1.000000 -121.000000 -72.000000 -95.000000 -181.000000 -183.000000 -180.000000 -112.000000 40601.000000 
-68.000000 -59.000000 -175.000000 -49.000000 -76.000000 -133.000000 -105.000000 -135.000000 -80.000000 -30.000000 27696.000000 
-122.000000 -73.000000 -123.000000 -31.000000 -52.000000 -143.000000 -119.000000 -149.000000 -174.000000 -50.000000 35085.000000 
-32.000000 -133.000000 -169.000000 -55.000000 -68.000000 -187.000000 -75.000000 -145.000000 -72.000000 -178.000000 41266.000000 
-28.000000 -173.000000 -5.000000 -175.000000 6.000000 -163.000000 -145.000000 -145.000000 -32.000000 -6.000000 34786.000000 
-40.000000 -181.000000 -83.000000 -55.000000 -134.000000 -157.000000 -137.000000 -95.000000 -104.000000 -30.000000 34111.000000 
-132.000000 -39.000000 -49.000000 -141.000000 -8.000000 -145.000000 -15.000000 -141.000000 -118.000000 -182.000000 35548.000000 
-154.000000 -149.000000 -111.000000 -93.000000 -6.000000 -71.000000 -93.000000 -185.000000 -158.000000 -20.000000 37963.000000 
